35357 2048
35468 2048
51508 4096
36604 2048
60532 4096
36180 2048
25396 2048
34472 2048
34404 2048
36136 2048
36720 2048
36148 2048
36260 2048
16240 1024
36008 2048
49216 4096
36276 2048
35592 2048
51336 4096
16320 1024
71644 4096
58816 4096
36448 2048
27144 2048
36208 2048
36460 2048
36712 2048
32276 2048
34392 2048
67384 4096
60444 4096
36308 2048
60388 4096
33872 2048
16080 1024
32528 2048
25492 2048
36316 2048
27168 2048
27296 2048
36244 2048
27512 2048
14292 1024
27476 2048
36168 2048
36360 2048
36240 2048
34560 2048
27408 2048
27084 2048
36060 2048
35696 2048
36204 2048
31956 2048
36232 2048
16152 1024
11632 1024
36428 2048
32288 2048
69904 4096
34780 2048
36284 2048
60040 4096
35776 2048
36228 2048
60500 4096
60556 4096
27208 2048
16132 1024
32360 2048
58708 4096
60364 4096
35976 2048
21372 2048
16116 1024
70684 4096
36092 2048
36140 2048
32312 2048
67492 4096
22876 2048
36416 2048
59480 4096