35640 2048
16020 1024
12184 1024
15464 1024
11980 1024
27424 2048
11272 1024
27232 2048
30740 2048
12176 1024
7072 512
16128 1024
12136 1024
16200 1024
5196 512
27156 2048
5392 512
12168 1024
14216 1024
16064 1024
32324 2048
12124 1024
16192 1024
3176 256
12168 1024
6992 512
23264 2048
27168 2048
27096 2048
12676 1024
4980 512
15988 1024
7196 512
15844 1024
16212 1024
7552 512
10476 1024
12192 1024
14064 1024
24916 2048
16376 1024
23196 2048
14316 1024
15444 1024
7080 512
7016 512
16180 1024
16252 1024
15312 1024
14268 1024
15460 1024
12096 1024
7020 512
30472 2048
16224 1024
3000 256
16376 1024
27276 2048
27040 2048
16284 1024
1316 128
14428 1024
6984 512
4220 512
15448 1024
7408 512
4504 512
15988 1024
3020 256
34548 2048
16252 1024
25624 2048
16248 1024
15620 1024
3064 256
16340 1024
32116 2048
26124 2048
12092 1024
2916 256
6972 512
6916 512
11888 1024
14792 1024
16052 1024
6272 512
31388 2048
11792 1024
15484 1024
6936 512
12228 1024
15232 1024
15920 1024
2896 256
16368 1024
12560 1024
7040 512
12108 1024
14300 1024
12144 1024