676 64
1408 128
1384 128
664 64
1356 128
1768 128
812 64
388 32
304 32
1220 128
404 32
1320 128
496 64
892 64
1156 128
724 64
1120 128
872 64
684 64
648 64
580 64
328 32
1476 128
604 64
1560 128
944 64
2340 256
608 64
988 64
1400 128
2196 256
580 64
568 64
1232 128
1080 128
900 64
1336 128
344 32
664 64
1040 128
964 128
688 64
1748 128
1912 128
888 64
1280 128
824 64
712 64
2268 256
472 64
1064 128
1084 128
1028 128
1512 128
1060 128
2476 256
1424 128
2144 256
856 64
1356 128
1388 128
1576 128
1332 128
1184 128
404 32
748 64
1320 128
644 64
2760 256
1796 128
532 64
1292 128
728 64
628 64
980 128
1512 128
1220 128
1052 128
308 32
624 64
716 64
996 128
1452 128
416 32
1312 128
2340 256
1592 128
624 64
1436 128
604 64
940 64
672 64
1296 128
1724 128
556 64
716 64
848 64
232 32
2188 256
880 128
560 64
928 64
416 64
1380 128
1140 128
1112 128
1060 128
980 128
1616 128
1080 128
708 64
1344 128
668 64
708 64
1192 128
1980 256
2200 256
1120 128
1132 128
668 64
400 32
1064 128
592 64
1464 128
440 32
2368 256
1332 128
1152 128
2244 256
1312 128
736 64
1240 128
1612 128
1124 128
592 64
876 64
1268 128
1228 128
1204 128
1472 128
712 64
968 128
688 64
2060 256
732 64
696 64
296 32
1480 128
796 64
264 32