7104 512
6584 512
2904 256
3276 256
3468 256
2804 256
600 64
6292 512
6288 512
2500 256
7324 512
3212 256
4724 512
2328 256
3308 256
5188 512
3588 256
6376 512
6656 512
6772 512
2492 256
2888 256
2996 256
3352 256
3048 256
2344 256
7216 512
7144 512
5212 512
7384 512
3152 256
2984 256
3208 256
3176 256
6772 512
6720 512
640 64
5300 512
6620 512
6328 512
2456 256
6936 512
3052 256
5504 512
5292 512
6660 512
7164 512
2924 256
5020 512
6208 512
3152 256
4804 512
2488 256
6624 512
10132 1024
3336 256
5356 512
6148 512
5012 512
3672 256
7264 512
5288 512
1580 128
12048 1024
5068 512
2744 256
5640 512
2224 256
4672 512
3204 256
7176 512
3140 256
3876 256
1492 128
1472 128
6832 512
3436 256
2684 256
2372 256
3148 256
1344 128
5360 512
2880 256
5468 512
2556 256
4592 512
5256 512
1680 128
488 64
2892 256
2276 256
2128 256
4456 512
3332 256
3148 256
5660 512
1432 128
3072 256
5364 512
5968 512
1452 128
1612 128
3068 256
4992 512
3136 256
5476 512
11968 1024
3104 256
2848 256
3440 256
496 64
5780 512
5864 512
5460 512
3400 256
3408 256
12040 1024
5720 512
2816 256
1992 128
2436 256
3036 256
3044 256
5688 512
2740 256
6300 512
3480 256
3828 256
6528 512
5300 512
3048 256
5220 512
6688 512
3040 256
2800 256
2840 256
6772 512
3108 256
3136 256
4220 512
1512 128
5360 512
7120 512
1340 128
5260 512
4588 512
2996 256
6476 512
5220 512
5040 512